56532.5 40.9715 0.00126574 0
56538.5 40.9687 0.000797834 1
56553.5 40.9709 0.00124901 2
56566.5 40.9689 0.000961138 3
56581.5 40.9681 0.000474183 4
56594.5 40.9711 0.000465903 5
56608.5 40.967 0.000977755 6
56616.5 40.9671 0.000402125 7
56655.5 40.972 0.00042175 8
56665.5 40.9658 0.000622967 9
56700.5 40.9707 0.000494164 10
56707.5 40.969 0.000811767 11
56713.5 40.9741 0.000502511 12
56723.5 40.9729 0.000529394 13
56724.5 40.9656 7.17552e-19 14
56730.5 40.972 0.000368694 15
56731.5 40.973 0.000332204 16
56737.5 40.9684 0.000317136 17
56738.5 40.975 0.00065354 18
56744.5 40.9726 0.000259405 19
56751.5 40.9708 0.000397476 20
56752.5 40.9669 9.7306e-05 21
56758.5 40.9688 0.00080521 22
56759.5 40.9717 0.000571048 23
56766.5 40.9725 0.000261292 24
#56773.5 41.0383 11.2095 25
56779.5 40.9719 0.000536649 26
56780.5 40.9693 0.000626976 27
56787.5 40.9726 0.000391401 28
56801.5 40.9741 0.000538701 29
56817.5 40.9719 0.000500723 30
56822.5 40.9656 4.68651e-20 31
56829.5 40.9691 0.000462292 32
56837.5 40.9703 0.000349317 33
56844.5 40.968 0.000252067 34
56850.5 40.9672 0.000211338 35
56857.5 40.9665 0.000158938 36
56864.5 40.9673 7.83782e-05 37
56878.5 40.9663 0.00013011 38
56892.5 40.9647 0.000179243 39
56899.5 40.9673 0.00030887 40
56906.5 40.9663 0.000228619 41
56915.5 40.9663 0.000253293 42
56922.5 40.9662 0.000117028 43
56929.5 40.966 5.88935e-05 44
56935.5 40.9679 0.000340462 45
56968.5 40.9697 0.000257022 46
56976.5 40.9668 0.000188276 47
56987.5 40.9681 0.000210855 48
56991.5 40.9695 0.000254589 49
56998.5 40.9684 0.000195368 50
57006.5 40.9714 0.000132598 51
57019.5 40.9671 0.000130724 52
57026.5 40.9677 0.000190508 53
57028.5 40.9704 0.000252103 54
57033.5 40.97 0.000235204 55
57040.5 40.9681 0.000174673 56
57046.5 40.9703 0.000180964 57
57053.5 40.9673 0.00010178 58
57055.5 40.9708 0.000200162 59
57059.5 40.9723 0.000244241 60
57060.5 40.9699 9.39375e-05 61
57066.5 40.9665 0.000141135 62
57074.5 40.9726 0.000196411 63
57075.5 40.97 9.66646e-05 64
57087.5 40.9659 0.000163554 65
57088.5 40.9681 7.56372e-05 66
57094.5 40.9697 0.000234752 67
57102.5 40.9685 8.44866e-05 68
57108.5 40.9711 0.000112667 69
57110.5 40.9702 0.000123463 70
57117.5 40.9676 8.39198e-05 71
57118.5 40.9695 0.000124478 72
57123.5 40.97 8.47202e-05 73
57131.5 40.9715 0.000150273 74
57136.5 40.9704 6.14813e-05 75
57150.5 40.9687 5.63847e-05 76
57158.5 40.9672 0.000127109 77
57160.5 40.9673 7.16347e-05 78
57167.5 40.9687 0.000224896 79
57172.5 40.9673 0.000128195 80
57179.5 40.9682 0.000103035 81
57187.5 40.9665 0.000204821 82
57193.5 40.9689 0.000156895 83
57199.5 40.9685 5.8147e-05 84
57214.5 40.9669 0.000147475 85
57229.5 40.9691 4.82003e-05 86
57235.5 40.9686 4.06368e-05 87
57243.5 40.9672 8.47074e-05 88
57257.5 40.9682 8.30098e-05 89
57264.5 40.9685 7.92991e-05 90
57270.5 40.968 3.73915e-05 91
57277.5 40.9695 5.99337e-05 92
57293.5 40.9683 5.85956e-05 93
57319.5 40.9706 0.000100679 94
57326.5 40.9715 0.000176272 95
57334.5 40.9705 8.12603e-05 96
57342.5 40.9688 5.51677e-05 97
57349.5 40.9691 0.000109586 98
57354.5 40.9703 0.000103476 99
57362.5 40.9687 9.87052e-05 100
57369.5 40.9681 0.000123619 101
57377.5 40.9702 8.36214e-05 102
57384.5 40.9691 9.48317e-05 103
57391.5 40.969 0.000113231 104
57424.5 40.9712 4.43059e-05 105
57432.5 40.9682 0.000102006 106
57445.5 40.9693 7.25234e-05 107
57451.5 40.9692 8.96372e-05 108
57460.5 40.9684 0.00011774 109
57466.5 40.9695 9.56127e-05 110
57475.5 40.968 0.000105806 111
57479.5 40.9688 0.000129789 112
57486.5 40.97 7.11703e-05 113
57495.5 40.9688 5.28344e-05 114
57501.5 40.9692 4.11202e-05 115
57509.5 40.972 8.09948e-05 116
57514.5 40.9708 0.000108389 117
57523.5 40.9708 7.10533e-05 118
57530.5 40.9692 6.22937e-05 119
57536.5 40.9688 0.000122605 120
57543.5 40.9693 6.13331e-05 121
57549.5 40.9682 0.000124076 122
57558.5 40.9686 5.84434e-05 123
57564.5 40.9717 5.73258e-05 124
57571.5 40.9707 2.60949e-05 125
57579.5 40.9715 4.47553e-05 126
57592.5 40.9717 7.67294e-05 127
57606.5 40.9681 0.000110331 128
57613.5 40.9703 4.24057e-05 129
57621.5 40.9696 0.00011124 130
57627.5 40.9693 0.000162269 131
57634.5 40.9711 6.62306e-05 132
57641.5 40.9705 5.5221e-05 133
57650.5 40.9689 7.51118e-05 134
57656.5 40.9709 9.74541e-05 135
57662.5 40.9706 3.03421e-05 136
57672.5 40.9703 6.81925e-05 137
57679.5 40.9695 9.8872e-05 138
57686.5 40.9712 4.9544e-05 139
57698.5 40.9708 2.55515e-05 140
57706.5 40.97 9.5468e-05 141
57712.5 40.9707 0.00013604 142
57719.5 40.9706 6.93575e-05 143
57726.5 40.9707 6.44621e-05 144
57732.5 40.9688 0.000136475 145
57741.5 40.9689 6.40522e-05 146
57747.5 40.9713 4.67599e-05 147
57755.5 40.9712 6.48425e-05 148
57762.5 40.9723 4.98286e-05 149
57768.5 40.9682 9.23785e-05 150
57774.5 40.9727 0.000104045 151
57782.5 40.9703 3.96454e-05 152
57789.5 40.9699 0.000168133 153
57794.5 40.9724 7.24451e-05 154
57802.5 40.9729 5.06647e-05 155
57809.5 40.9734 1.16873e-05 156
57817.5 40.9705 7.59332e-05 157
57823.5 40.9708 4.14761e-05 158
57829.5 40.9706 0.000119843 159
57837.5 40.9746 0.000120924 160
57843.5 40.9725 0.000105672 161
57852.5 40.9733 0.000107551 162
57859.5 40.9742 5.9182e-05 163
57866.5 40.9724 6.36252e-05 164
57872.5 40.9715 0.00011882 165
57879.5 40.9713 9.36079e-05 166
57887.5 40.9777 1.36032e-06 167
57892.5 40.9751 7.89459e-05 168
57900.5 40.9693 3.30989e-05 169
57914.5 40.9745 8.80418e-05 170
57921.5 40.9729 8.51227e-05 171
57928.5 40.9725 5.7658e-05 172
57936.5 40.9715 6.67075e-05 173
57962.5 40.9716 0.000106907 174
57970.5 40.9737 0.000128448 175
57984.5 40.9733 0.000139214 176
57991.5 40.9747 5.22285e-05 177
57998.5 40.9747 0.000114344 178
58004.5 40.9713 0.000171762 179
58005.5 40.9741 6.80747e-05 180
58011.5 40.9757 0.000138159 181
58026.5 40.967 0.000324466 182
58033.5 40.9711 6.74603e-05 183
58049.5 40.9715 6.59817e-05 184
58056.5 40.9724 5.35242e-05 185
58069.5 40.9719 8.05269e-05 186
58075.5 40.972 0.000114442 187
