56530.5 37.9274 0.000906306 0
56531.5 37.9409 0.00313245 1
56538.5 37.9416 0.00687075 2
56544.5 37.9362 0.00282003 3
56569.5 37.931 0.00193747 4
56581.5 37.9274 0.00100885 5
56601.5 37.9286 0.00220287 6
56608.5 37.9179 0.00174481 7
56614.5 37.9252 0.000308446 8
56672.5 37.9568 4.06715e-21 9
56679.5 37.9487 0.0021859 10
56693.5 37.9178 0.00123484 11
56708.5 37.9612 0.00154764 12
56714.5 37.8958 1.44909e-18 13
56724.5 37.9332 0.000722005 14
56731.5 37.9265 0.00120258 15
56732.5 37.9562 4.36328e-20 16
56738.5 37.9281 0.000458771 17
56739.5 37.8855 1.37385e-17 18
56745.5 37.9303 0.00058787 19
56746.5 37.9584 7.35965e-19 20
56752.5 37.9328 0.000741916 21
56753.5 37.9106 6.4027e-19 22
56759.5 37.9306 0.000424755 23
56760.5 37.9229 0.001748 24
56766.5 37.9335 0.000576541 25
56767.5 37.9151 0.00308645 26
56774.5 37.9196 0.000562504 27
56780.5 37.9289 0.000431034 28
56781.5 37.9014 0.00271654 29
56787.5 37.9296 0.000277492 30
56788.5 37.9256 0.000621667 31
56801.5 37.9288 0.000292579 32
56802.5 37.9033 0.00109266 33
56808.5 37.933 0.000270118 34
#56809.5 37.2491 36.3479 35
56821.5 37.9329 0.00115104 36
56822.5 37.9339 2.97561e-18 37
56829.5 37.9276 0.000225115 38
#56831.5 36.9348 25.959 39
56836.5 37.9236 0.000547608 40
56837.5 37.9253 0.00049361 41
56842.5 37.9325 0.000183672 42
56843.5 37.9226 0.00242342 43
#56845.5 36.5446 57.1886 44
56850.5 37.9313 0.000111867 45
56851.5 37.9097 0.00192429 46
56857.5 37.9388 0.00111136 47
56858.5 37.9511 0.00153437 48
56863.5 37.9235 0.00193654 49
56864.5 37.9304 0.000593431 50
56871.5 37.9264 0.000397887 51
56877.5 37.9386 0.00274958 52
56878.5 37.9361 0.000558026 53
56892.5 37.9326 2.08784e-18 54
56893.5 37.9333 0.000495723 55
56899.5 37.9218 0.000848116 56
56900.5 37.9282 0.000446635 57
56905.5 37.9309 0.000189655 58
56907.5 37.9277 0.001269 59
56912.5 37.924 0.000962009 60
56913.5 37.9279 0.000384343 61
56919.5 37.9314 0.000269779 62
56920.5 37.9269 1.22243e-18 63
56926.5 37.9314 0.000115529 64
56927.5 37.9225 0.000271827 65
56928.5 37.9335 0.00115699 66
56934.5 37.8891 0.00100276 67
56935.5 37.9295 0.000168993 68
56939.5 37.9026 0.000319169 69
56940.5 37.9241 0.000390903 70
56941.5 37.933 0.000668008 71
56942.5 37.9268 0.000112647 72
56947.5 37.9487 0.0010599 73
56949.5 37.9277 0.000210786 74
56954.5 37.9281 0.000568299 75
56961.5 37.9292 0.000267917 76
56964.5 37.928 0.000223947 77
56965.5 37.9302 0.00100009 78
56970.5 37.9316 0.000134903 79
56976.5 37.93 0.000289049 80
56977.5 37.935 0.000533035 81
56983.5 37.9296 0.000241712 82
56987.5 37.9295 0.000899249 83
56990.5 37.9372 0.000573819 84
56996.5 37.9269 0.000711161 85
56997.5 37.93 0.000215067 86
57004.5 37.9276 0.000531292 87
57005.5 37.9281 0.000184862 88
57011.5 37.9421 0.000270828 89
57012.5 37.9447 0.000625289 90
57014.5 37.9418 0.000438981 91
57017.5 37.9247 0.000267915 92
57019.5 37.9233 0.000223333 93
#57025.5 38.1068 1.64814 94
#57026.5 36.1508 43.1499 95
57028.5 37.929 0.000201836 96
57031.5 37.9292 9.43126e-05 97
57033.5 37.9253 0.000308784 98
57040.5 37.926 0.000253191 99
57046.5 37.9303 0.000384212 100
57047.5 37.9242 0.000380046 101
57053.5 37.9306 0.000414096 102
57054.5 37.9367 0.000143001 103
57060.5 37.9305 0.000219087 104
57061.5 37.9313 0.000309624 105
57067.5 37.9274 0.000326084 106
57069.5 37.9313 0.000149479 107
57074.5 37.9324 0.000130369 108
57083.5 37.9308 0.000162531 109
57088.5 37.9333 0.000202143 110
57089.5 37.9248 0.000733126 111
57095.5 37.9407 0.000392819 112
57096.5 37.9154 0.000884799 113
57097.5 37.931 0.00025061 114
57101.5 37.9334 0.000121801 115
57103.5 37.9378 0.000122306 116
57109.5 37.9304 0.000199349 117
57110.5 37.9556 0.00135519 118
57111.5 37.9323 0.000177081 119
57117.5 37.9224 0.000341669 120
57118.5 37.9317 0.00023692 121
#57123.5 51.0601 759.222 122
57124.5 37.9261 0.000545175 123
57130.5 37.9311 0.00021028 124
57131.5 37.9152 0.000347054 125
57137.5 37.9292 9.30107e-05 126
57138.5 37.9327 0.000370972 127
57139.5 37.9189 0.000222739 128
57151.5 37.9455 0.00156478 129
57153.5 37.929 0.000138396 130
#57158.5 35.9002 52.9712 131
57159.5 37.8983 0.000196263 132
57160.5 37.9259 1.53483e-18 133
57162.5 37.9211 0.000111428 134
57163.5 37.9173 0.000607498 135
57164.5 37.9339 0.0016878 136
57166.5 37.9261 0.0002852 137
57167.5 37.9346 0.000405221 138
57174.5 37.9224 0.000217959 139
57180.5 37.9342 0.000318112 140
57181.5 37.9266 5.3653e-05 141
57185.5 37.936 0.000496385 142
#57186.5 38.3398 0.933544 143
57192.5 37.9386 0.0001821 144
57193.5 37.9451 0.000437603 145
57200.5 37.9268 1.03908e-18 146
57201.5 37.9297 0.000257722 147
57208.5 37.9283 0.000199239 148
#57209.5 38.0324 0.12811 149
57213.5 37.9278 0.000254905 150
57227.5 37.9486 0.00089241 151
57228.5 37.9702 1.1769e-19 152
57229.5 37.9324 0.000112937 153
57234.5 37.9331 0.000279392 154
57236.5 37.9363 0.000557218 155
57242.5 37.9234 1.61955e-18 156
57243.5 37.9234 0.00015935 157
57248.5 37.9434 0.000427981 158
57256.5 37.9279 0.000224776 159
57257.5 37.9419 0.0007963 160
57262.5 37.9278 0.000591329 161
57264.5 37.9327 0.000277921 162
57270.5 37.9246 0.000201034 163
57271.5 37.9252 0.000304473 164
