56887.5 14.5907 0.000191308 0
56894.5 14.591 0.000155258 1
56908.5 14.5907 0.000103749 2
56915.5 14.5902 0.000139052 3
56922.5 14.5904 8.06173e-05 4
56929.5 14.5906 7.25155e-05 5
56936.5 14.5903 9.33591e-05 6
56943.5 14.5911 5.93675e-05 7
56949.5 14.5906 3.81996e-05 8
56956.5 14.5906 3.07983e-05 9
56969.5 14.5914 8.2693e-05 10
56978.5 14.5908 4.0465e-05 11
56992.5 14.5907 4.61195e-05 12
56998.5 14.5903 6.98816e-05 13
57005.5 14.5907 3.11461e-05 14
57012.5 14.5906 3.38711e-05 15
57019.5 14.5907 3.01053e-05 16
57026.5 14.5908 4.03219e-05 17
57033.5 14.5905 3.9428e-05 18
57040.5 14.5913 6.38414e-05 19
57047.5 14.5907 4.26071e-05 20
57054.5 14.5906 2.58703e-05 21
57068.5 14.5907 2.16678e-05 22
57075.5 14.5905 5.25882e-05 23
57082.5 14.5908 3.95208e-05 24
57089.5 14.5906 3.11226e-05 25
57096.5 14.5907 4.1639e-05 26
57103.5 14.5907 3.77944e-05 27
57110.5 14.5911 3.23839e-05 28
57117.5 14.5912 7.74174e-05 29
57124.5 14.5911 4.72457e-05 30
57131.5 14.5907 3.43428e-05 31
57138.5 14.5903 3.3559e-05 32
57152.5 14.5901 6.72721e-05 33
57159.5 14.59 4.91103e-05 34
57166.5 14.5916 0.000236969 35
57173.5 14.5919 4.51386e-05 36
57180.5 14.5906 3.70572e-05 37
57187.5 14.5905 3.2673e-05 38
57201.5 14.5904 4.64472e-05 39
57208.5 14.591 2.53126e-05 40
57215.5 14.5905 2.58873e-05 41
57230.5 14.5905 5.19545e-05 42
57237.5 14.5904 3.24157e-05 43
57244.5 14.5903 5.29935e-05 44
57258.5 14.5903 2.18516e-05 45
57265.5 14.5906 5.33041e-05 46
57272.5 14.5905 2.47869e-05 47
57279.5 14.5896 4.44047e-05 48
57293.5 14.5903 3.93626e-05 49
57300.5 14.5904 1.78817e-05 50
57309.5 14.5902 2.20615e-05 51
57321.5 14.5903 3.89071e-05 52
57328.5 14.5905 3.06461e-05 53
57335.5 14.5909 3.50556e-05 54
57342.5 14.5906 4.56733e-05 55
57348.5 14.5898 2.14715e-05 56
57355.5 14.5904 5.25954e-05 57
57362.5 14.59 2.45239e-05 58
57369.5 14.5908 3.57251e-05 59
57376.5 14.5903 1.81244e-05 60
57386.5 14.5904 3.05274e-05 61
57390.5 14.5907 2.04291e-05 62
57397.5 14.59 6.46764e-06 63
57404.5 14.5903 2.30306e-05 64
57418.5 14.5901 2.53015e-05 65
57425.5 14.5901 1.56481e-05 66
57432.5 14.5904 3.07475e-05 67
57439.5 14.5905 4.22605e-05 68
57446.5 14.5907 3.46278e-05 69
57453.5 14.5895 4.30694e-05 70
57467.5 14.5899 2.59399e-05 71
57481.5 14.5905 2.11232e-05 72
57488.5 14.5915 5.84889e-05 73
57495.5 14.5902 4.48431e-05 74
57502.5 14.5906 6.10901e-05 75
57509.5 14.5904 6.56773e-05 76
57516.5 14.5888 7.12787e-05 77
57523.5 14.5908 2.46592e-05 78
57530.5 14.5898 4.59114e-05 79
57537.5 14.5902 4.59675e-05 80
57544.5 14.5909 3.10865e-05 81
57551.5 14.59 1.27843e-05 82
57558.5 14.5909 1.97857e-05 83
57565.5 14.5904 1.78091e-05 84
57572.5 14.5904 1.22684e-05 85
57580.5 14.591 2.67105e-05 86
57594.5 14.5907 2.39095e-05 87
57601.5 14.5908 1.46082e-05 88
57608.5 14.5909 1.56423e-05 89
57615.5 14.5908 3.65847e-05 90
57622.5 14.5907 2.42349e-05 91
57629.5 14.5904 1.0702e-05 92
57636.5 14.5906 2.62064e-05 93
57643.5 14.5905 1.79724e-05 94
57650.5 14.5911 3.73746e-05 95
57657.5 14.591 2.98191e-05 96
57664.5 14.5905 4.15216e-05 97
57675.5 14.5912 2.56185e-05 98
57682.5 14.5909 1.2473e-05 99
57689.5 14.5914 2.69585e-05 100
57699.5 14.5901 4.4133e-05 101
57706.5 14.5909 3.30771e-05 102
57719.5 14.5909 3.11035e-05 103
57726.5 14.5915 2.03604e-05 104
57733.5 14.5901 1.77852e-05 105
57740.5 14.5911 1.26038e-05 106
57747.5 14.5905 2.88821e-05 107
57761.5 14.5909 1.97001e-05 108
57768.5 14.5909 2.43027e-05 109
57775.5 14.5913 3.56883e-05 110
57782.5 14.5909 7.3892e-06 111
57796.5 14.5907 1.41133e-05 112
57803.5 14.5907 1.96195e-05 113
57817.5 14.5914 1.76615e-05 114
57824.5 14.5905 2.18557e-05 115
57831.5 14.5906 1.58418e-05 116
57838.5 14.5907 1.37001e-05 117
57845.5 14.5911 2.47803e-05 118
57852.5 14.5905 2.23255e-05 119
57859.5 14.5906 1.37288e-05 120
57880.5 14.5906 2.95376e-05 121
57887.5 14.5909 2.41755e-05 122
57894.5 14.5906 1.17666e-05 123
57901.5 14.5901 3.00993e-05 124
57908.5 14.5903 1.45824e-05 125
57915.5 14.5906 1.7627e-05 126
57929.5 14.5909 2.25442e-05 127
57936.5 14.5902 1.38861e-05 128
57943.5 14.5903 1.65626e-05 129
57950.5 14.5907 2.84133e-05 130
57957.5 14.5904 1.93028e-05 131
57965.5 14.5908 1.13953e-05 132
57986.5 14.5909 1.83094e-05 133
58000.5 14.5908 2.14578e-05 134
58007.5 14.591 1.08539e-05 135
58014.5 14.5902 1.53161e-05 136
58021.5 14.5907 2.88254e-05 137
58028.5 14.5908 1.03939e-05 138
58035.5 14.5909 1.53932e-05 139
58049.5 14.5909 6.48399e-06 140
58056.5 14.5911 7.39519e-06 141
