0.0000000000000000 0.0000000000000000 0.0000000000000000 0.0000000000000000 91
15.0000000000000000 -0.0001555233381258 0.0047322533325730 0.0094332144676685 183
30.0000000000000000 -0.0334450697732918 -0.0274646104178021 -0.0219166192833393 171
45.0000000000000000 -0.0027317900894917 0.0025612455635817 0.0077292520225108 185
60.0000000000000000 0.0678857936618313 0.0737405258260431 0.0798551417299925 179
75.0000000000000000 0.0548845970243604 0.0601494816910206 0.0654886113301232 172
90.0000000000000000 0.0273437141168446 0.0323110658369720 0.0376931977133078 194
105.0000000000000000 -0.0322842974049972 -0.0271293237343148 -0.0219354337222702 208
120.0000000000000000 -0.0116096080633931 -0.0071007449039871 -0.0028166515952451 185
135.0000000000000000 -0.0283238941539010 -0.0233258441965799 -0.0182636202251982 161
150.0000000000000000 0.0033766744824828 0.0094335440390125 0.0155126894569977 166
165.0000000000000000 -0.0327926025415213 -0.0280575981530402 -0.0234777625244562 168
180.0000000000000000 0.0582956152065000 0.0641041786916907 0.0701070317691878 161
195.0000000000000000 -0.0008261477606908 0.0051188558302575 0.0111120080257142 186
210.0000000000000000 -0.1438892049719469 -0.1383880677981910 -0.1326612780585322 170
225.0000000000000000 0.0415630802076238 0.0471519418246844 0.0527489910864498 176
240.0000000000000000 -0.0810128191820161 -0.0753759773367919 -0.0699232913916046 152
255.0000000000000000 0.0037933022423654 0.0091201800708109 0.0144129101303966 154
270.0000000000000000 -0.0455247779874205 -0.0403808790207607 -0.0350950289872733 146
285.0000000000000000 -0.0784841476633907 -0.0725376775896934 -0.0665722310470810 146
300.0000000000000000 -0.0580025720393176 -0.0518342373308195 -0.0460890746394716 146
315.0000000000000000 -0.0546709395120923 -0.0482951100700724 -0.0418391086538244 179
330.0000000000000000 0.0537854893185376 0.0608474643507844 0.0682481423729011 144
345.0000000000000000 -0.1308547769484324 -0.1250084880296943 -0.1194099245086977 136
360.0000000000000000 -0.0499028849803438 -0.0441677028762541 -0.0385484672706798 130
375.0000000000000000 0.0166772481272546 0.0240576925585458 0.0312571144509152 127
390.0000000000000000 -0.0309682753332894 -0.0253068720716743 -0.0196993987942149 126
405.0000000000000000 0.0540436341155733 0.0614063774380879 0.0686267335497884 137
420.0000000000000000 -0.0050025789652208 0.0018001632390202 0.0087026163279220 160
435.0000000000000000 0.0266893094748478 0.0323302729691479 0.0379421520874978 130
450.0000000000000000 -0.0598534993323039 -0.0538801691606186 -0.0476970486422590 116
465.0000000000000000 0.0265581999295514 0.0343250321203817 0.0415554485801210 114
480.0000000000000000 -0.0095105501376584 -0.0021570243457631 0.0047477021868572 114
495.0000000000000000 -0.0626105946873393 -0.0551407000043720 -0.0480951660768073 110
510.0000000000000000 -0.0485265669433462 -0.0420573083171588 -0.0356231825280260 132
525.0000000000000000 -0.0472301775028114 -0.0401920876702890 -0.0328490649471292 112
540.0000000000000000 -0.0520557388998302 -0.0454523416841165 -0.0388675195628936 105
555.0000000000000000 -0.0338494516273925 -0.0263149587238143 -0.0185247123034723 90
570.0000000000000000 -0.0885710474085753 -0.0822865981152171 -0.0765051520814197 96
585.0000000000000000 0.0918055584684907 0.1001235733403736 0.1086285366051901 88
600.0000000000000000 -0.0301765271428395 -0.0222813976374179 -0.0145653267877928 86
615.0000000000000000 0.0016323990824464 0.0090941346331637 0.0163229838236038 99
630.0000000000000000 0.0392800934994835 0.0471656173051149 0.0554021860328339 105
645.0000000000000000 -0.0344234375582718 -0.0274915847014569 -0.0204788437189888 84
660.0000000000000000 -0.0191695225655633 -0.0118444465611635 -0.0047316962081946 72
675.0000000000000000 0.0114456011480747 0.0192629173449790 0.0275677692772843 76
690.0000000000000000 0.2233908668045316 0.2343910151421810 0.2453488661927094 72
705.0000000000000000 0.0705344152876553 0.0808328115124350 0.0908125635649046 65
720.0000000000000000 0.0725737782292822 0.0828924853711617 0.0934370642429868 64
735.0000000000000000 -0.0390717047588722 -0.0317230564453523 -0.0243578410645267 85
750.0000000000000000 -0.0675018354357377 -0.0600954780263279 -0.0527307898110519 61
765.0000000000000000 0.0655205831494542 0.0772970849538101 0.0884134631509529 54
780.0000000000000000 0.0377382006749007 0.0485791869334259 0.0598490295590812 56
795.0000000000000000 -0.0715320379527709 -0.0619516545657326 -0.0527029476544041 47
810.0000000000000000 0.0544621523995582 0.0661489590604492 0.0774847570569218 50
825.0000000000000000 0.0238645115860817 0.0368274799486988 0.0494831037362268 59
840.0000000000000000 -0.0041772906790055 0.0067493538099431 0.0182861048838575 51
855.0000000000000000 0.0761154847355781 0.0865972005659196 0.0972138526904406 49
870.0000000000000000 0.0611282272875595 0.0724802717133212 0.0839487559211997 42
885.0000000000000000 0.0996240183846394 0.1154621614687776 0.1308249958622243 42
900.0000000000000000 -0.1071572580084061 -0.0955978102332534 -0.0839386329728190 38
915.0000000000000000 0.0785028503174131 0.0940598415929920 0.1092129534741614 37
930.0000000000000000 0.1120714286979322 0.1268497343129625 0.1409964005896993 43
945.0000000000000000 -0.0075501957626021 0.0078010848969140 0.0238925757168246 36
960.0000000000000000 -0.1030371649105714 -0.0884764078576166 -0.0741542555205688 25
975.0000000000000000 -0.0667495059934438 -0.0485485087164493 -0.0304809046373849 23
990.0000000000000000 -0.1426589333187439 -0.1280357582100281 -0.1137190908880771 22
1005.0000000000000000 -0.0010811444158143 0.0235883045420123 0.0464975700250128 20
1020.0000000000000000 -0.0360849040680617 -0.0164309115918837 0.0036005887418766 15
1035.0000000000000000 -0.0151569942317650 0.0061113048388818 0.0262222971169784 18
1050.0000000000000000 -0.0703493541435917 -0.0527902814892466 -0.0332892583394752 16
1065.0000000000000000 -0.1002699772958976 -0.0702382106830839 -0.0392624155764924 7
1080.0000000000000000 -0.2324050811335280 -0.2165700521536772 -0.1999269764997728 9
1095.0000000000000000 -0.0244200959494327 0.0012805391689989 0.0276678013151470 10
1110.0000000000000000 0.0036853228872795 0.0354608518183593 0.0684738593873043 8
1125.0000000000000000 -0.1313958557744174 -0.1086636982933309 -0.0845263194503018 6
